(21.2142,0)
(7.24789,0)
(2.97469,0)
(3.52643,0)
(0.734888,0)
(3.23327,0)
(2.02832,0)
(2.65225,-0)
(1.03426,0)
(-0.173073,0)
(0.0135598,0)
(0.0966338,0)
(-0.485297,0)
(-0.221349,0)
(-0.246979,-0)
(-0.38437,0)
(0.201377,0)
(-0.054177,0)
(0.0952383,0)
(0.0127962,0)
(0.00700967,0)
(-0.169174,0)
(-0.0896094,0)
(-0.155492,0)
(-0.139296,0)
(0.041219,0)
(0.0405505,0)
(0.0691032,0)
(0.0740948,-0)
(-0.0364287,-0)
(-0.0564796,0)
(0.0875009,-0)
(0.215575,0)
(-0.225439,0)
(0.162578,0)
(-0.0119614,0)
(-0.0395688,0)
(-0.0123125,0)
(0.00670025,0)
(-0.0168877,0)
(0.00129717,0)
(-0.000633234,0)
(0.00650211,0)
(0.0344742,0)
(0.0485694,0)
(0.0946149,0)
(-0.0112183,0)
(0.059391,0)
(0.0287957,0)
(0.0459005,0)
(0.023407,0)
(0.0195311,0)
(-0.00382417,0)
(-0.00717437,0)
(-0.0427203,0)
(-0.114145,-0)
(0.0425611,-0)
(-0.0154007,-0)
(-0.0214497,-0)
(-0.0540451,-0)
(0.00288202,0)
(-0.027928,0)
(0.0262484,-0)
(-0.0642302,0)
(0.533231,0)
(-0.712218,0)
(0.413592,0)
(-0.12211,0)
(-0.05651,0)
(-0.0633191,0)
(0.0214558,0)
(-0.174481,0)
(0.0546541,0)
(0.00109338,0)
(-0.000440134,0)
(-0.0057676,0)
(0.00014567,0)
(-0.00198428,0)
(-0.00378955,0)
(0.00438851,0)
(0.000200392,0)
(0.00282701,0)
(0.00100924,0)
(0.00483798,0)
(-0.000778674,0)
(-0.00893863,0)
(0.0215948,0)
(-0.0591622,0)
(0.0310485,0)
(-0.0119923,0)
(0.0122477,0)
(-0.0023614,0)
(-0.0359531,0)
(0.00427234,0)
(0.112263,0)
(-0.0260013,0)
(-0.386336,0)
(0.157726,0)
(0.0779008,0)
(0.00654939,0)
(0.0316067,0)
(-0.0110998,0)
(-0.0611493,0)
(0.0186793,0)
(0.000720172,0)
(-0.00576708,0)
(0.0203688,0)
(0.0350471,0)
(-0.0589596,0)
(0.112007,0)
(0.228196,-0)
(0.0429728,-0)
(0.386572,-0)
(-0.118712,-0)
(-0.0877129,-0)
(-0.00848564,-0)
(-0.0160982,-0)
(0.133754,-0)
(0.186929,-0)
(0.269223,0)
(-0.143088,0)
(-0.000729999,0)
(0.00734588,0)
(0.102754,0)
(0.0857765,-0)
(0.120493,-0)
(-0.0837989,0)
(0.0793403,-0)
(-0.245516,0)
(-2.54743,0)
(1.34672,0)
(-0.684303,0)
(-0.00844632,0)
(-0.330198,0)
(0.101486,0)
(-0.886691,0)
(0.103859,0)
(0.0323281,0)
(0.0118728,0)
(-0.0370241,0)
(0.00130746,0)
(0.0316801,0)
(0.0331108,0)
(0.0970911,0)
(0.0636492,0)
(-0.030879,0)
(0.000678864,0)
(-0.0213002,0)
(0.00223089,0)
(0.00770629,0)
(-0.0344966,0)
(0.0625322,0)
(-0.0121197,0)
(0.00597849,0)
(-0.00386959,0)
(-0.00575311,0)
(0.00462668,0)
(-0.00299851,0)
(-0.00942046,0)
(0.00140716,0)
(-0.00294702,0)
(-0.000432384,0)
(0.00266796,0)
(0.00457395,0)
(0.00214555,0)
(-0.00448943,0)
(-0.010687,0)
(-0.00218108,0)
(0.00163952,0)
(0.000234681,0)
(-0.00743609,0)
(0.0392075,0)
(-0.0194672,0)
(0.0984864,0)
(0.0257656,0)
(0.162827,0)
(0.178458,0)
(-0.014239,0)
(-0.0362857,0)
(-0.0594642,0)
(-0.01859,0)
(0.134221,0)
(-0.0522624,0)
(0.577008,0)
(-0.05949,0)
(-0.0338163,0)
(-0.0732988,0)
(0.191751,0)
(0.0331764,0)
(0.180518,0)
(-0.185436,0)
(0.16447,0)
(0.557898,0)
(1.66785,0)
(-0.372375,0)
(0.461614,0)
(-0.00452035,0)
(0.236043,0)
(-0.267668,0)
(0.690012,0)
(0.0299201,0)
(-0.0247828,0)
(-0.0240253,0)
(0.0426751,0)
(-0.0145543,0)
(-0.0035326,0)
(-0.019453,0)
(0.000409154,0)
(0.00192714,0)
(-0.0150424,0)
(0.012495,0)
(-0.0348557,0)
(-0.00692564,0)
(0.0573767,0)
(-0.176196,0)
(0.552426,0)
(0.0479478,0)
(-0.0277092,0)
(-0.181389,0)
(0.296695,-0)
(-0.0496056,-0)
(0.27965,-0)
(-0.335792,-0)
(0.503912,-0)
(-0.486536,-0)
(-1.1353,-0)
(0.138473,-0)
(-0.144535,-0)
(0.0120337,-0)
(-0.132781,-0)
(0.0273637,-0)
(-0.143042,-0)
(0.0299753,-0)
(-0.000863009,-0)
(-0.180641,-0)
(0.320472,-0)
(-0.159967,-0)
(0.479773,0)
(-0.524065,0)
(1.26629,0)
(0.321594,0)
(0.483645,0)
(-0.0671006,0)
(-0.201431,0)
(-0.0658962,0)
(0.252025,0)
(-0.544606,0)
(1.60115,-0)
(0.00763536,-0)
(-0.228316,-0)
(-0.0635841,-0)
(0.184185,0)
(-0.0975961,0)
(0.226651,0)
(-0.142978,-0)
(-0.120251,0)
(-6.49734,0)
(-1.49799,0)
(3.06618,0)
(-1.13328,0)
(0.716947,0)
(-1.37568,0)
(-2.24776,0)
(-0.69531,0)
(0.371009,0)
(0.0150257,0)
(-0.0550492,0)
(-0.113092,0)
(-0.121954,0)
(-5.76811e-05,0)
(0.356349,0)
(-0.00697162,0)
(0.0264391,0)
(-0.0881322,0)
(-0.140304,0)
(-0.00569001,0)
(-0.0129845,0)
(0.121165,0)
(0.147063,0)
(0.208836,0)
(-0.039728,0)
(0.000221487,0)
(-0.028527,0)
(0.0371288,0)
(0.00237812,0)
(0.0934576,0)
(-0.0935375,0)
(0.0797929,0)
(-0.00568236,0)
(-0.118473,0)
(-0.069837,0)
(-0.0306115,0)
(0.00100546,0)
(-0.00952908,0)
(0.0252786,0)
(-0.00896876,0)
(-0.00067744,0)
(-0.000543798,0)
(-0.0174175,0)
(-0.0093195,0)
(0.012327,0)
(-0.0475495,0)
(-0.0814275,0)
(-0.0110255,0)
(-0.0654678,0)
(0.0265242,0)
(0.0314414,0)
(0.00369513,0)
(0.00543219,0)
(-0.0338386,0)
(-0.0270965,0)
(-0.0546011,0)
(0.00844433,0)
(0.000567641,0)
(0.00417683,0)
(-0.0125941,0)
(-0.000318538,0)
(-0.00853775,0)
(0.00164221,0)
(-0.0017084,0)
(0.00542484,0)
(0.0180813,0)
(0.000983928,0)
(0.0187382,0)
(-0.00589524,0)
(0.0185882,0)
(-0.015159,0)
(0.0429301,0)
(0.00373473,0)
(-0.00286532,0)
(-0.00353024,0)
(0.00457695,0)
(-0.00119273,0)
(-0.00383441,0)
(-0.00109633,0)
(0.000254711,0)
(-0.000464942,0)
(-0.00139432,0)
(0.00350098,0)
(-0.00534878,0)
(-0.00259126,0)
(0.00655813,0)
(-0.0721979,0)
(0.101274,0)
(0.025834,0)
(-0.00883123,0)
(-0.0887777,0)
(0.0515428,0)
(-0.00924402,0)
(0.0734042,0)
(-0.16577,0)
(0.120974,0)
(-0.157237,0)
(-0.249683,0)
(-0.159218,0)
(-0.0458168,0)
(0.00867269,0)
(-0.0519736,0)
(0.0341078,0)
(-0.0397778,0)
(0.0186112,0)
(-0.00361082,0)
(-0.131081,0)
(0.104314,0)
(-0.0593338,0)
(0.202662,0)
(-0.376778,0)
(0.474279,0)
(0.156013,0)
(0.191039,0)
(0.107116,0)
(-0.0783346,0)
(-0.0423872,0)
(0.0679303,0)
(-0.490103,0)
(0.706024,0)
(0.0262256,0)
(-0.111009,0)
(-0.125631,0)
(0.065515,0)
(0.0365515,0)
(0.124811,0)
(-0.194022,0)
(-0.0719038,0)
(4.09607,0)
(0.538472,0)
(-1.82739,0)
(0.531915,0)
(-0.33777,0)
(0.860767,0)
(1.71318,0)
(0.222758,0)
(-0.211616,0)
(0.00750762,0)
(0.0650163,0)
(0.0897925,0)
(0.0526197,0)
(0.101188,0)
(-0.209815,0)
(0.0676707,0)
(0.00375329,0)
(0.0494433,0)
(0.0932322,0)
(-0.00694768,0)
(0.00695478,0)
(-0.0651227,0)
(-0.12556,0)
(-0.0624515,0)
(0.0120307,0)
(0.00184774,0)
(0.00404997,0)
(-0.0135808,0)
(0.00454637,0)
(-0.02027,0)
(0.00235166,0)
(-0.00232169,0)
(-0.00723952,0)
(-0.0137055,0)
(-0.0238567,0)
(-0.00588633,0)
(0.00258536,0)
(-0.0134346,0)
(0.0106696,0)
(-0.0080567,0)
(0.00498231,0)
(-0.000680137,0)
(-0.0636684,0)
(0.0233162,0)
(-0.0038561,0)
(0.0634161,0)
(-0.303605,0)
(0.170844,0)
(-0.030288,0)
(0.116306,0)
(0.190497,0)
(-0.0574823,0)
(-0.0135049,0)
(-0.101317,0)
(-0.697334,-0)
(0.306415,-0)
(0.123716,-0)
(-0.0654272,-0)
(-0.281872,-0)
(-0.0081071,-0)
(0.0715107,-0)
(-0.00207579,-0)
(-0.44488,-0)
(-0.0259838,-0)
(-2.1701,-0)
(0.0844312,-0)
(1.37564,-0)
(-0.180973,-0)
(0.187372,-0)
(-0.411798,-0)
(-1.13647,-0)
(0.07749,-0)
(0.125388,-0)
(-0.0123977,-0)
(-0.0562117,-0)
(-0.0217474,-0)
(-0.0244206,-0)
(-0.0623706,-0)
(0.0294586,-0)
(-0.00512953,-0)
(-0.00511712,-0)
(0.0191652,-0)
(0.064627,-0)
(-0.0244358,-0)
(0.00102378,-0)
(-0.110027,-0)
(-0.636611,-0)
(0.121075,-0)
(0.150807,-0)
(-0.0318817,-0)
(-0.438268,0)
(-0.0161154,0)
(0.0846192,0)
(-0.169012,0)
(-0.89702,0)
(0.0904358,0)
(1.14884,0)
(-0.273302,0)
(-1.13366,0)
(0.0768535,0)
(-0.0967792,0)
(0.0587663,0)
(0.317156,0)
(-0.092027,0)
(0.0282077,0)
(0.000535391,0)
(-0.366855,0)
(0.00807679,0)
(0.0361507,0)
(-0.389495,-0)
(-1.32238,-0)
(0.304477,-0)
(-0.695726,-0)
(0.237252,-0)
(0.803536,-0)
(-0.13117,-0)
(-0.00565909,-0)
(-0.389239,-0)
(-1.24937,0)
(0.295402,0)
(0.677965,0)
(-0.124307,0)
(-0.0959577,0)
(-0.0340428,-0)
(-0.161685,-0)
(-0.233775,0)
(0.648654,0)
(-0.0433106,0)
(15.318,0)
(8.35157,0)
(-2.52511,0)
(3.58202,0)
(-0.0987342,0)
(2.97233,0)
(2.31752,0)
(2.93284,0)
(0.0279022,0)
(-0.144902,0)
(0.0269381,0)
(0.134568,0)
(-0.128527,0)
(-0.189318,0)
(-0.364213,0)
(-0.390162,0)
(-0.0323111,0)
(0.0758105,0)
(0.14152,0)
(0.0423775,0)
(0.0100466,0)
(-0.169255,0)
(-0.0672768,0)
(-0.330777,0)
(0.00364924,0)
(0.00440386,0)
(0.045276,0)
(0.0195877,0)
(0.0129801,0)
(-0.0550431,0)
(0.114763,0)
(-0.0151302,0)
(-0.114874,0)
(0.00446158,0)
(0.122272,0)
(0.0395251,0)
(-0.00128641,0)
(-0.0101184,0)
(-0.0314212,0)
(-0.00560714,0)
(0.000905352,0)
(0.0013246,0)
(0.0102372,0)
(0.0431198,0)
(-0.00120218,0)
(0.114582,0)
(0.0259223,0)
(0.132322,0)
(0.0986524,0)
(0.0410433,0)
(-0.0119575,0)
(-0.0153617,0)
(-0.00211956,0)
(0.0156597,0)
(-0.0659286,0)
(0.0950666,0)
(-0.00804317,0)
(-0.0083968,0)
(-0.0292351,0)
(-0.00559469,0)
(0.0128599,0)
(0.000887647,0)
(-0.0553888,0)
(0.00338024,0)
(-0.300914,0)
(0.00907773,0)
(0.123144,0)
(-0.028614,0)
(0.0288487,0)
(-0.0703108,0)
(-0.108048,0)
(-0.0438157,0)
(0.0014986,0)
(0.000573701,0)
(-0.00297211,0)
(-0.00789971,0)
(9.34943e-05,0)
(-0.00908869,0)
(0.00364497,0)
(-0.00116007,0)
(-0.000434681,0)
(0.00447201,0)
(0.00539913,0)
(0.00109486,0)
(0.0023216,0)
(-0.020722,0)
(-0.0326558,0)
(-0.0510503,0)
(0.00478818,0)
(0.00291257,0)
(-0.00468473,0)
(-0.0365806,0)
(0.00970199,0)
(-0.0476474,0)
(-0.0254988,0)
(-0.0305956,0)
(0.182397,0)
(0.0474203,0)
(-0.0279158,0)
(0.0151221,0)
(-0.00599252,0)
(0.0163684,0)
(0.014663,0)
(0.00162598,0)
(-0.0028657,0)
(0.000734486,0)
(0.00400594,0)
(-0.0199841,0)
(0.0103927,0)
(-0.0518211,0)
(-0.0170834,0)
(-0.0425703,0)
(-0.0548316,0)
(0.000131135,0)
(0.0125934,0)
(0.00264833,0)
(0.00469721,0)
(-0.0204125,0)
(-0.00218507,0)
(-0.037152,0)
(0.00851665,0)
(0.00201014,0)
(0.00281222,0)
(-0.00431984,0)
(-0.00267832,0)
(-0.00408148,0)
(0.00287491,0)
(-0.000105593,0)
(6.40167e-06,0)
(-0.00686402,0)
(-0.00769962,0)
(-0.00710815,0)
(-0.000612992,0)
(0.001119,0)
(0.0318645,0)
(-0.0173076,0)
(-0.00718751,0)
(0.00226633,0)
(0.00322022,0)
(0.00246,0)
(0.00195017,0)
(0.00950363,0)
(-0.00651849,0)
(0.00852924,0)
(0.000669097,0)
(0.00191551,0)
(0.00549753,0)
(-0.00123156,0)
(0.000181644,0)
(-0.0035409,0)
(-0.0121983,0)
(-8.54335e-05,0)
(0.0013663,0)
(1.95578e-05,0)
(-0.000233284,0)
(-0.00115129,0)
(0.00041537,0)
(-0.00193172,0)
(-0.000442499,0)
(-7.66365e-06,0)
(-0.00164964,0)
(-0.00118618,0)
(-0.00304415,0)
(-0.00037658,0)
(0.000376804,0)
(-0.00227263,0)
(0.000102655,0)
(-0.000578552,0)
(0.00132024,0)
(-5.87252e-05,0)
(-0.0112786,0)
(0.00620026,0)
(-0.00407661,0)
(0.0255581,0)
(-0.0406711,0)
(0.0355784,0)
(0.0178051,0)
(0.0102426,0)
(0.0267793,0)
(-0.00960307,0)
(-0.00883237,0)
(0.00249684,0)
(-0.13009,0)
(0.0948723,0)
(0.023675,0)
(-0.0123295,0)
(-0.075674,0)
(0.0160983,0)
(0.0188389,0)
(0.0290327,0)
(-0.11224,0)
(0.0141653,0)
(-0.175309,0)
(0.109013,0)
(0.297985,0)
(0.0378193,0)
(-0.00632397,0)
(-0.0414602,0)
(-0.284683,0)
(0.0809047,0)
(0.0423859,0)
(-0.00995934,0)
(-0.0190087,0)
(0.00103755,0)
(-0.00638573,0)
(-0.0189678,0)
(0.00508019,0)
(-0.000550529,0)
(-0.00204749,0)
(0.00223921,0)
(0.0189226,0)
(-0.00847897,0)
(-0.00498953,0)
(-0.0177586,0)
(-0.21727,0)
(0.0994554,0)
(0.0723195,0)
(-0.0139108,0)
(-0.189784,0)
(0.0329198,0)
(-0.00370554,0)
(0.0202195,0)
(-0.329102,0)
(0.097283,0)
(0.0348783,0)
(-0.175916,0)
(-0.385232,0)
(-0.0300465,0)
(-0.00074261,0)
(-0.0281273,0)
(0.0899764,0)
(-0.0395084,0)
(0.026248,0)
(-0.00501747,0)
(-0.190405,0)
(0.0716358,0)
(-0.0616944,0)
(0.0413119,0)
(-0.535567,0)
(0.352706,0)
(-0.0217872,0)
(0.135988,0)
(0.27274,0)
(-0.060503,0)
(-0.0428203,0)
(-0.041924,0)
(-0.573751,0)
(0.463313,0)
(0.227966,0)
(-0.0955673,0)
(-0.0649843,0)
(0.0230633,0)
(-0.0344396,0)
(-0.00980835,0)
(0.216692,0)
(-0.0571977,0)
(-8.33119,0)
(-3.68691,0)
(1.77065,0)
(-1.71428,0)
(0.165611,0)
(-1.70005,0)
(-1.8775,0)
(-1.34885,0)
(0.0868411,0)
(0.0538733,0)
(-0.0401825,0)
(-0.108743,0)
(0.0404379,0)
(0.041509,0)
(0.287729,0)
(0.125815,0)
(0.0156635,0)
(-0.0602785,0)
(-0.12151,0)
(-0.0148597,0)
(-0.00923473,0)
(0.12507,0)
(0.114985,0)
(0.201524,0)
(-0.0143449,0)
(-0.00280928,0)
(-0.0305066,0)
(0.00622294,0)
(-0.00679567,0)
(0.0721858,0)
(-0.0704638,0)
(0.0352591,0)
(-0.00606789,0)
(-0.0399305,0)
(-0.0871168,0)
(-0.0249969,0)
(0.00331906,0)
(-0.00338544,0)
(0.0201387,0)
(-0.00127988,0)
(5.90695e-05,0)
(-0.00105081,0)
(-0.0150182,0)
(-0.0158995,0)
(0.00170146,0)
(-0.0537512,0)
(-0.0537883,0)
(-0.0342012,0)
(-0.0534066,0)
(0.00715906,0)
(0.0224825,0)
(0.00335364,0)
(0.00382282,0)
(-0.0253557,0)
(-0.0117376,0)
(-0.0392497,0)
(0.00612303,0)
(0.000932033,0)
(0.00528251,0)
(-0.00632056,0)
(-0.000925372,0)
(-0.00562035,0)
(0.00225791,0)
(-0.000605828,0)
(0.00543498,0)
(0.00976583,0)
(0.0116775,0)
(0.0106477,0)
(-0.00336512,0)
(0.00713726,0)
(-0.02124,0)
(0.014285,0)
(0.00473217,0)
(-0.00195247,0)
(-0.00328006,0)
(0.000987578,0)
(-0.00100129,0)
(-0.00631604,0)
(0.00117693,0)
(-0.000163176,0)
(-0.00102487,0)
(0.0011184,0)
(0.00525273,0)
(-0.00165718,0)
(-0.00204862,0)
(-0.00843337,0)
(-0.0835266,0)
(0.0163387,0)
(0.0337144,0)
(-0.00347292,0)
(-0.0920869,0)
(-0.0131545,0)
(-0.00236787,0)
(0.00401592,0)
(-0.169558,0)
(0.0244653,0)
(0.0651272,0)
(-0.0268551,0)
(-0.258099,0)
(-0.0169355,0)
(0.00873087,0)
(-0.0176951,0)
(0.057172,0)
(-0.0120537,0)
(0.0174,0)
(-0.00350265,0)
(-0.136498,0)
(0.00879667,-0)
(-0.0367371,-0)
(0.0144646,-0)
(-0.409188,-0)
(0.135135,-0)
(-0.0752631,-0)
(0.0970325,-0)
(0.228268,-0)
(-0.0193982,-0)
(-0.0302293,-0)
(-0.0978138,-0)
(-0.53422,-0)
(0.142134,-0)
(0.168313,-0)
(-0.0548481,-0)
(-0.123368,-0)
(-0.0465526,-0)
(0.0241007,-0)
(-0.0221263,-0)
(0.00972617,-0)
(-0.072929,-0)
(5.37658,-0)
(2.1992,-0)
(-1.49026,-0)
(1.01447,-0)
(-0.0821667,-0)
(1.15421,-0)
(1.55125,-0)
(0.819718,-0)
(-0.0907881,-0)
(-0.0234693,-0)
(0.0545537,-0)
(0.105456,-0)
(-0.0283847,-0)
(0.0761166,-0)
(-0.194268,-0)
(-0.0220157,-0)
(-0.0178425,-0)
(0.0504472,-0)
(0.0901152,-0)
(0.00498467,-0)
(0.00443996,-0)
(-0.073926,-0)
(-0.103733,-0)
(-0.091162,-0)
(0.0124462,-0)
(0.000287897,-0)
(0.00712534,-0)
(-0.00363295,-0)
(0.00207522,-0)
(-0.0172471,-0)
(0.00505559,-0)
(-0.000953158,-0)
(-0.00593847,-0)
(-0.00839521,-0)
(-0.0312882,-0)
(-0.0082586,-0)
(0.00229072,-0)
(-0.0100679,-0)
(0.015638,-0)
(-0.00186793,-0)
(0.00530527,-0)
(-0.00130608,-0)
(-0.0652481,-0)
(-0.0161099,-0)
(-0.009504,-0)
(-0.0167281,-0)
(-0.311159,-0)
(-0.00324639,-0)
(-0.168883,-0)
(0.0935557,-0)
(0.23285,-0)
(-0.00114919,-0)
(-0.00871755,-0)
(-0.237109,0)
(-0.707146,0)
(-0.232145,0)
(0.22955,0)
(-0.0227343,0)
(-0.273874,0)
(-0.175497,0)
(0.0394725,0)
(-0.164246,0)
(-0.284217,0)
(-0.120283,0)
(-3.2404,0)
(-1.23242,0)
(1.23581,0)
(-0.548248,0)
(0.0251964,0)
(-0.675243,0)
(-1.06249,0)
(-0.44676,0)
(0.0566069,0)
(0.00592885,0)
(-0.0488704,0)
(-0.0501787,0)
(0.00887686,0)
(-0.0732052,0)
(0.0331624,0)
(-0.000940602,0)
(-0.0090186,0)
(0.0312921,0)
(0.0699139,0)
(0.00147601,0)
(-0.000183062,0)
(-0.185692,0)
(-0.627228,0)
(-0.33272,0)
(0.210293,0)
(-0.00624176,0)
(-0.428422,-0)
(-0.267875,-0)
(0.0320015,-0)
(-0.429657,-0)
(-0.77597,-0)
(-0.254081,-0)
(1.83671,-0)
(0.588651,-0)
(-1.06928,-0)
(0.180989,-0)
(0.000681915,-0)
(0.162674,-0)
(0.307684,-0)
(0.00726114,-0)
(0.026373,-0)
(-0.000636029,-0)
(-0.361656,-0)
(-0.232038,-0)
(0.0205563,-0)
(-0.821008,0)
(-1.24671,0)
(-0.540363,0)
(-1.09288,0)
(-0.0833931,0)
(0.778901,0)
(0.00510928,0)
(0.0077143,0)
(-0.680242,0)
(-1.21595,-0)
(-0.800587,-0)
(0.771979,-0)
(0.00571988,-0)
(-0.0930192,-0)
(-0.19133,0)
(-0.00343991,0)
(-0.468058,-0)
(0.64221,0)
(0.0189204,0)
